longitude,latitude
120.133048,30.17356
120.2824976,30.2453113
120.2551029,30.1601687
120.3184375,30.2112636
120.3405599,30.2077945
120.3424385,30.1676724
120.3061266,30.3431371
120.2815848,30.218532
120.2814936,30.2093406
120.2874811,30.2317274
120.3111447,30.1827492
120.277331,30.2332406
120.2923529,30.2268787
120.2811316,30.2414757
120.2880927,30.202873
120.2891609,30.2251912
120.316282,30.1788239
120.3209878,30.2066105
120.1112525,30.3777085
120.3100585,30.1817411
120.3519131,30.1734226
120.3298539,30.1908216
120.2868635,30.228171
120.2821736,30.2352767
120.3437853,30.1670012
120.2911382,30.2390395
120.3264857,30.1928999
120.2865777,30.2491984
120.3156182,30.1785971
120.307357,30.2082257
120.3181054,30.167318
120.1949025,30.333835
120.2933571,30.1504025
120.3071564,30.182951
120.2756071,30.2023007
120.2903895,30.2272748
120.2907972,30.2395425
120.301851,30.2492774
120.3016701,30.2244233
120.2636052,30.1231933
120.3369211,30.1589304
120.3182804,30.151518
120.283531,30.2406887
120.3422418,30.1675066
120.2746023,30.2037749
120.2758318,30.2280265
120.2831406,30.2406133
120.2881607,30.242807
120.3161982,30.1788231
120.3304376,30.1901064
120.3302426,30.1922064
120.3154492,30.1795673
120.2736072,30.2341123
120.3421133,30.1967116
120.2968214,30.2371178
120.2882667,30.242533
120.3439297,30.1698916
120.3411174,30.1405603
120.2930802,30.2238181
120.308973,30.1500711
120.3031773,30.1780363
120.3306416,30.1828614
120.3492749,30.1983266
120.2061026,30.3355949
120.1474836,30.2638929
120.3176841,30.2118512
120.3211711,30.1581913
120.3099219,30.1903185
120.2742629,30.2038095
120.295611,30.2115664
120.2846037,30.2338455
120.2934411,30.1503725
120.2933874,30.2336505
120.2837327,30.2409887
120.2995362,30.3374671
120.3188679,30.1801156
120.3283033,30.1784865
120.2871425,30.238625
120.2348813,30.21448
120.2498174,30.1684997
120.2798158,30.241362
120.2904235,30.2387818
120.3306306,30.1910364
120.2741142,30.2283943
120.3186755,30.2159812
120.3061956,30.2103396
120.2789088,30.242297
120.3118737,30.1817338
120.2960271,30.1170061
120.1758905,30.3185751
120.3186968,30.1560782
120.3042107,30.1809782
120.3154978,30.1661379
120.304001,30.212365
120.2806538,30.241991
120.2935114,30.2336325
120.2826736,30.2412913
120.283492,30.2413147
120.2912488,30.1461482
120.3266607,30.1795089
120.2851992,30.1718435
120.0571881,30.3058025
120.3226338,30.1769975
120.282166,30.2410529
120.2799028,30.243119
120.2710104,30.2391495
120.3265167,30.1728359
120.3118845,30.183447
120.1989555,30.3343601
120.1968926,30.3332767
120.3319722,30.179518
120.2376241,30.2306046
120.3399308,30.1921911
120.2067014,30.3078508
120.2962332,30.2123718
120.2823646,30.2420503
120.2906342,30.2386045
120.1835043,30.1847521
120.3176719,30.195577
120.3010225,30.2239619
120.3071114,30.182693
120.3105929,30.1831705
120.316852,30.1803389
120.2879079,30.2278572
120.193331,30.164521
120.2837187,30.2413807
120.2835857,30.2412607
120.2885792,30.2680665
120.3282613,30.1801695
120.2859401,30.2328769
120.312288,30.2095646
120.3139072,30.2386847
120.3343393,30.2009811
120.3119297,30.1817928
120.3151344,30.2063595
120.295944,30.2104844
120.2894334,30.151348
120.2010765,30.2601051
120.2035017,30.3351814
120.3429494,30.2284428
120.2494018,30.3273315
120.2868916,30.1962049
120.3472616,30.2240104
120.3021779,30.1784579
120.2883067,30.242536
120.1957377,30.3319802
120.3360055,30.1847132
120.3266977,30.1762899
120.3003379,30.2190783
120.2869473,30.2429688
120.2895907,30.22756
120.2874399,30.2388282
120.1784687,30.3180486
120.2910712,30.2396475
120.2344361,30.211964
120.2886789,30.2304412
120.2923091,30.2122489
120.2150339,30.2514239
120.2826096,30.2414613
120.3089762,30.1553855
120.3056125,30.17142
120.283648,30.2404127
120.2789506,30.2632337
120.1919499,30.3372309
120.2877188,30.3063591
120.2690781,30.1870722
120.3451404,30.2005523
120.3204065,30.1807062
120.2910742,30.2390355
120.3090224,30.1833829
120.3138744,30.1910217
120.30364,30.334577
120.3192907,30.1906774
120.3128976,30.2282251
120.3060244,30.3616755
120.2724644,30.2225685
120.3204975,30.3403219
120.3429495,30.1689714
120.2735534,30.2182275
120.3255323,30.1988096
120.2494307,30.2376484
120.2831036,30.2348003
120.3076966,30.1826441
120.2823126,30.2414133
120.2749826,30.2412322
120.3027905,30.2136424
120.2878149,30.2425022
120.276693,30.2388796
120.3017569,30.3374085
120.1103461,30.3512318
120.3276953,30.1782015
120.3011433,30.2361537
120.3082129,30.2364695
120.331465,30.219988
120.2909932,30.2396295
120.2363521,30.2094386
120.3394672,30.1895225
120.3052945,30.170005
120.2733099,30.2083135
120.3545644,30.2067258
120.3121867,30.1826058
120.3083196,30.1822821
120.2938408,30.2361297
120.2904025,30.2361658
120.324161,30.1793622
120.2913819,30.2273509
120.2901806,30.1645104
120.2693599,30.210638
120.3123517,30.1646238
120.2759427,30.1695129
120.3265207,30.1814709
120.3372014,30.1957422
120.2885279,30.2271252
120.1984642,30.1879973
120.3160435,30.2630706
120.2810238,30.231414
120.2908152,30.2357155
120.3304276,30.1886224
120.2344983,30.210945
120.2909122,30.2393115
120.3305416,30.1883564
120.2890319,30.2307412
120.3109203,30.1820686
120.332828,30.1795197
120.2879059,30.2415092
120.172491,30.1780129
120.2241024,30.2330871
120.3297265,30.1805512
120.2931512,30.2238911
120.2988679,30.2336343
120.3429316,30.2946349
120.2815793,30.1200726
120.2903455,30.2367548
120.3227551,30.1636753
120.2608894,30.2692446
120.2824402,30.2352569
120.2727518,30.147417
120.2454449,30.3576826
120.2695266,30.120992
120.2147091,30.2257171
120.2735468,30.124114
120.2621847,30.3522602
120.2945848,30.2232927
120.2888219,30.2113912
120.2885149,30.2365272
120.307043,30.1627076
120.2940908,30.2363507
120.2847967,30.2331825
120.2968994,30.2361598
120.2910472,30.2390465
120.2912022,30.2390625
120.282465,30.2053697
120.3432263,30.1674202
120.2981421,30.2401316
120.3262917,30.1807059
120.3186525,30.2159832
120.3383618,30.1930474
120.3537001,30.1399751
120.2874681,30.2307374
120.2889799,30.2307622
120.3127519,30.1812162
120.3458167,30.1745575
120.3319534,30.1706232
120.282902,30.2029407
120.296594,30.2353666
120.348665,30.167541
120.2853081,30.2313349
120.3036745,30.2055074
120.27701,30.2430806
120.2969254,30.2347948
120.2531317,30.265737
120.3423672,30.167648
120.333813,30.176004
120.3213881,30.1827777
120.2736132,30.2364663
120.3269673,30.2045115
120.2893297,30.233418
120.3397614,30.1955547
120.2844941,30.2432849
120.261224,30.2491614
120.2888799,30.2312202
120.333385,30.1794477
120.283502,30.2405697
120.2448049,30.2053475
120.2817056,30.2413757
120.3409559,30.1966223
120.3046305,30.18968
120.2528696,30.2560418
120.3336664,30.1806079
120.3316722,30.190871
120.3342513,30.2004411
120.2880799,30.2310032
120.2876691,30.2309844
120.2970664,30.2371158
120.2903435,30.2367378
120.30653,30.210537
120.2987829,30.2332673
120.2067372,30.1866105
120.3154282,30.1833573
120.2882827,30.24252
120.276553,30.2470016
120.3148284,30.2160265
120.3307626,30.1830574
120.3054883,30.1805818
120.1073652,30.3848601
120.2883459,30.2284502
120.3256562,30.1771804
120.2875809,30.2455092
120.1945031,30.1826766
120.2856568,30.1507011
120.2796818,30.236379
120.3072736,30.2005971
120.2904765,30.2410588
120.2027634,30.1881707
120.3220156,30.2166553
120.2908832,30.2409925
120.3092064,30.1807899
120.2882637,30.242476
120.3304466,30.1886304
120.2882347,30.242586
120.3059432,30.2425171
120.2839687,30.2409987
120.2893465,30.2469688
120.2822,30.2411409
120.3064085,30.148438
120.3126709,30.1814122
120.3257687,30.2016319
120.3349943,30.1917581
120.2912402,30.2409345
120.2809916,30.2424437
120.2985077,30.3796102
120.2902789,30.1961382
120.2842256,30.2323233
120.1874859,30.3457838
120.297275,30.2237764
120.2732392,30.2363143
120.3188058,30.1590562
120.3100916,30.1548597
120.2960054,30.2340042
120.2865431,30.2387494
120.300112,30.2759354
120.2857991,30.2322429
120.3279603,30.1927675
120.2785298,30.1217511
120.3272393,30.1909895
120.2843927,30.2390345
120.2879269,30.2385702
120.3415632,30.1291971
120.2872573,30.2389528
120.2869641,30.2201999
120.2530607,30.265042
120.2854317,30.2727294
120.3266047,30.1817869
120.2888899,30.2303652
120.1540699,30.3354933
120.2790698,30.1174031
120.2071886,30.170324
120.2869556,30.1997789
120.2842537,30.2391135
120.2793148,30.241541
120.2943977,30.1851521
120.3115433,30.1832064
120.2839137,30.2417337
120.3096509,30.3761505
120.2793178,30.236259
120.2025242,30.3274124
120.2023942,30.3273804
120.276201,30.2430366
120.2793096,30.2129298
120.3313816,30.1540944
120.345398,30.2309809
120.2924343,30.3305279
120.2900589,30.2088082
120.278263,30.2422772
120.3140424,30.1908355
120.2988361,30.2157136
120.1246028,30.3058955
120.3020091,30.2047403
120.276169,30.2438476
120.2785234,30.2446476
120.291109,30.2591413
120.2826086,30.2414453
120.3548978,30.2095062
120.3132903,30.1808014
120.3317986,30.1587634
120.2810586,30.2424607
120.207478,30.3543039
120.3165716,30.1785763
120.3084869,30.2322455
120.2885367,30.242912
120.3153882,30.1903011
120.2815346,30.2396207
120.3020709,30.1782649
120.3055443,30.1815248
120.3391232,30.1779325
120.1994641,30.3327397
120.277863,30.2460942
120.3371504,30.2054862
120.2900775,30.2275748
120.288686,30.1555799
120.3421878,30.1675496
120.1738377,30.1798756
120.3125401,30.1810162
120.275519,30.2424526
120.2840756,30.2329673
120.2903725,30.2367418
120.1244791,30.2933397
120.3125204,30.135822
120.3308288,30.1921828
120.2768394,30.2199626
120.3165056,30.1786583
120.2904165,30.2410168
120.2929852,30.2236361
120.2817276,30.2419567
120.2898987,30.227308
120.2361915,30.2475154
120.2966872,30.1709207
120.3065526,30.1996346
120.3411013,30.2186816
120.2947489,30.1644193
120.2848901,30.2330409
120.278283,30.2421542
120.1996033,30.332521
120.2894465,30.2468488
120.211074,30.33135
120.3371146,30.1876744
120.2905785,30.2365808
120.2853551,30.2443929
120.3034036,30.2217226
120.2887959,30.2267902
120.3245413,30.204348
120.3256872,30.1795534
120.3120917,30.1819228
120.2967258,30.2088292
120.3305726,30.1883714
120.3269807,30.1729729
120.3509897,30.1733074
120.3339195,30.1806623
120.3046365,30.189517
120.2841177,30.2394047
120.2844441,30.2401789
120.1941963,30.3333828
120.3228736,30.1829903
120.348735,30.1583054
120.1115235,30.3776705
120.3009875,30.2229799
120.2898387,30.227509
120.2541437,30.1772245
120.1723003,30.1259718
120.1966828,30.3338771
120.3317702,30.191317
120.3048045,30.180799
120.3499709,30.2119498
120.2878629,30.2311052
120.2847904,30.1486707
120.1632887,30.3391574
120.3205411,30.2054067
120.3062006,30.2103186
120.1254367,30.1286515
120.2947011,30.1343055
120.3372984,30.1947182
120.3127045,30.1493054
120.3412543,30.1970416
120.3315014,30.1791662
120.2600784,30.2330598
120.2889267,30.235148
120.3306276,30.1907844
120.3349389,30.2223516
120.3090015,30.253805
120.3130227,30.1486798
120.3099282,30.1812807
120.2827494,30.2158811
120.3072016,30.2098341
120.3110827,30.1828482
120.276471,30.2402796
120.278924,30.2363832
120.288843,30.2729213
120.2838507,30.2411287
120.1970996,30.3336257
120.3156398,30.1636659
120.2802638,30.246404
120.2876441,30.2263424
120.2909112,30.2396345
120.3339255,30.1806843
120.2902955,30.2367928
120.2799658,30.24225
120.2823066,30.2410583
120.2831726,30.2414003
120.2874131,30.2315334
120.3231216,30.1785823
120.2904355,30.2410548
120.275834,30.2411006
120.1721124,30.1346419
120.283428,30.2413427
120.1337419,30.3426494
120.2837787,30.2411297
120.2840407,30.2408747
120.1601669,30.3297895
120.3312664,30.1890912
120.330198,30.188607
120.2046029,30.3356997
120.2890381,30.2068944
120.2901835,30.2279648
120.3285753,30.1809341
120.0759639,30.1439276
120.2842196,30.2105353
120.2003927,30.3322002
120.2754104,30.1212821
120.2625028,30.1457263
120.1973726,30.3331987
120.2957671,30.1247991
120.2060552,30.1560515
120.2889859,30.2307082
120.3422958,30.1674696
120.2750516,30.2413892
120.298971,30.336196
120.1665498,30.2376815
120.307351,30.2090725
120.3409533,30.2193506
120.2903165,30.2361848
120.2824908,30.3624757
120.28767,30.1582999
120.2870705,30.239726
120.2585746,30.1348135
120.3188679,30.1801156
120.2880939,30.2309202
120.2934764,30.2336615
120.2767728,30.1266625
120.2878789,30.2385932
120.3127045,30.1493054
120.3171436,30.1931306
120.3435123,30.1668492
120.3036621,30.1802641
120.3171636,30.1931506
120.3441085,30.1698886
120.3514841,30.2195587
120.3013459,30.2033649
120.3109085,30.1809926
120.111765,30.382579
120.3063855,30.150568
120.3223402,30.2295788
120.3416103,30.1977476
120.0930578,30.1238648
120.2735899,30.1967155
120.277449,30.2368856
120.3402538,30.1829011
120.295175,30.2405628
120.2826526,30.2415483
120.3478697,30.2331566
120.2991269,30.2355723
120.3062656,30.2104596
120.2453159,30.3543116
120.3256657,30.1954609
120.3281893,30.1778345
120.2922049,30.2240509
120.2626269,30.2020468
120.1064032,30.3787271
120.3031989,30.2142098
120.2314298,30.3521967
120.3068681,30.1394162
120.2846741,30.2410489
120.1589809,30.1647065
120.2843891,30.2419349
120.2532047,30.26511
120.3523541,30.2070475
120.30515,30.20169
120.3397803,30.2256531
120.1074302,30.3785071
120.35197,30.2369569
120.202774,30.2151172
120.2659834,30.239255
120.107732,30.3782577
120.3358475,30.1524949
120.252426,30.2135793
120.3369711,30.1580314
120.2852347,30.2732124
120.2900047,30.227553
120.3234652,30.1785254
120.1941953,30.1152304
120.284413,30.2334877
120.290103,30.2682963
120.3229466,30.1798823
120.3134923,30.1807804
120.275953,30.2393396
120.2898455,30.2423638
120.3163666,30.1787393
120.2878849,30.2312472
120.3129007,30.1651718
120.1770851,30.2402104
120.278886,30.2370592
120.3127684,30.2118667
120.2848164,30.1468967
120.2902545,30.2361878
120.2900325,30.2383308
120.3298924,30.2158266
120.2916045,30.2114408
120.2936398,30.2355267
120.2985421,30.2321036
120.3393842,30.1896425
120.3394152,30.1896115
120.2857395,30.248539
120.2880417,30.251121
120.2964842,30.1701277
120.280583,30.2190512
120.3316792,30.191909
120.2550133,30.1458837
120.2931692,30.2085501
120.2878749,30.2310572
120.2956123,30.1458075
120.2303366,30.208921
120.3206558,30.2239675
120.1760264,30.2772879
120.3007165,30.3372753
120.3308528,30.1911048
120.3438733,30.1700862
120.1944093,30.3336148
120.2890497,30.238956
120.3186149,30.2161918
120.2793598,30.243104
120.2905809,30.1957872
120.2857532,30.1607385
120.2366321,30.2121226
120.2905205,30.2394218
120.3292541,30.1804808
120.2904435,30.2410448
120.2925241,30.2114829
120.1974188,30.1935129
120.281996,30.2411661
120.2841091,30.2439429
120.283918,30.2014067
120.2794158,30.243795
120.281997,30.2412021
120.2004227,30.3322242
120.2953563,30.1490237
120.2887019,30.2361682
120.2909782,30.2396115
120.2773284,30.241908
120.3115556,30.1288012
120.3255006,30.1474914
120.16892,30.1779438
120.2934111,30.1527685
120.0855051,30.1300395
120.316246,30.1788539
120.2998469,30.2163643
120.1973788,30.1937519
120.2911462,30.2390665
120.1974758,30.1923719
120.282238,30.2091887
120.3231716,30.1788873
120.3171094,30.178297
120.3215957,30.1707281
120.1696143,30.1496777
120.3400058,30.1945961
120.19695,30.1933873
120.2643889,30.2018718
120.2772982,30.2548138
120.2889797,30.234056
120.3423505,30.1801764
120.3002373,30.2289435
120.2827346,30.2342103
120.2672206,30.2569361
120.1542478,30.3699488
120.2954718,30.2109617
120.2396374,30.349928
120.3102589,30.1822145
120.172538,30.322629
120.3041744,30.2501298
120.2186833,30.1739814
120.3215071,30.1802117
120.3009755,30.3377263
120.1973738,30.1931589
120.3039921,30.1769378
120.2940747,30.1897211
120.2817918,30.216467
120.0976104,30.3740541
120.3167106,30.1815953
120.2962274,30.2406172
120.1958533,30.3338426
120.1966568,30.3338959
120.3448309,30.1741108
120.1969006,30.3332767
120.2759488,30.2282212
120.2887317,30.236272
120.2101189,30.3748729
120.2838556,30.2329623
120.3305976,30.1885574
120.251657,30.3513558
120.2846091,30.2408589
120.3101988,30.1652081
120.1969346,30.3336787
120.3186079,30.1681236
120.1965741,30.3308347
120.1973158,30.1933759
120.2054856,30.3347609
120.2854976,30.2104203
120.3151718,30.1837079
120.2017238,30.331664
120.316829,30.1814966
120.2122314,30.3368794
120.2874919,30.2386522
120.3032223,30.1777781
120.1968816,30.3332747
120.3263107,30.1809429
120.2941469,30.1711143
120.3131408,30.2144174
120.2322933,30.3475497
120.3262997,30.1807949
120.1966868,30.3332471
120.3362259,30.1924996
120.2944678,30.2230697
120.2485484,30.3585036
120.2801228,30.246434
120.1063952,30.3786441
120.2824172,30.2351769
120.2634927,30.2298776
120.304731,30.204219
120.2534037,30.1792105
120.2071648,30.3554007
120.3115612,30.1648932
120.1970132,30.1932563
120.1915433,30.3352493
120.2888404,30.1624403
120.3338685,30.1806803
120.2969178,30.2034192
120.3141847,30.1807577
120.1969296,30.3332547
120.1972136,30.3332897
120.3230519,30.2995965
120.2946557,30.1702121
120.2994161,30.2192486
120.3077795,30.1414706
120.1866419,30.1436158
120.1990295,30.3319551
120.2883078,30.3035751
120.202842,30.1752603
120.3070846,30.2087491
120.1968796,30.3332627
120.3170588,30.1912516
120.239819,30.3475146
120.2704132,30.2517903
120.3408739,30.1971405
120.3292706,30.237113
120.1725602,30.2901606
120.3132211,30.169669
120.2139005,30.3386453
120.275316,30.2432376
120.2287443,30.2740961
120.3432834,30.2313908
120.1969246,30.3340167
120.2936952,30.2204211
120.3256043,30.2295579
120.3305536,30.1893184
120.201222,30.3313294
120.1968406,30.3332727
120.3213923,30.1412235
120.2894487,30.233284
120.0853091,30.1301635
120.3418116,30.3027859
120.2207477,30.3391384
120.1982406,30.3354283
120.2626354,30.2312684
120.2454009,30.3529616
120.3025248,30.294491
120.3175059,30.190846
120.2318684,30.3449724
120.1968856,30.3332267
120.3524102,30.2118691
120.2910232,30.2390455
120.2023812,30.331557
120.198106,30.3376247
120.2632752,30.1569547
120.2526409,30.1175253
120.3201825,30.1791112
120.1054977,30.1648414
120.1967208,30.3332511
120.2507357,30.2888164
120.1969156,30.3332187
120.1355285,30.1659425
120.320794,30.153649
120.278429,30.2423242
120.1867257,30.3342768
120.2399112,30.1969733
120.2859986,30.2131289
120.2917685,30.2127958
120.284181,30.233547
120.1947395,30.333336
120.2430186,30.2834912
120.2986394,30.2039988
120.2092259,30.3375558
120.2969807,30.2432214
120.330375,30.192458
120.1383108,30.1591163
120.3417684,30.2976317
120.2883389,30.2244832
120.2006223,30.3344546
120.1942314,30.339544
120.1928504,30.3338544
120.197245,30.3393371
120.3392021,30.116753
120.2227738,30.3385223
120.27687,30.2458966
120.2380023,30.2906867
120.246868,30.380138
120.3128798,30.2160384
120.278081,30.2376472
120.2007591,30.3320698
120.1797216,30.2601317
120.1953019,30.1930754
120.2935742,30.2215291
120.1969226,30.3339987
120.276836,30.144617
120.1020894,30.1785386
120.2854331,30.2337379
120.2933709,30.2017557
120.2986776,30.3338016
120.1663435,30.1859217
120.1958995,30.3340876
120.3052545,30.174325
120.2060476,30.3510834
120.2564664,30.2019943
120.2769344,30.245712
120.1974818,30.1923879
120.1978074,30.1935937
120.2862871,30.2440464
120.201261,30.331439
120.3214808,30.2328717
120.2985028,30.1705922
120.279863,30.165851
120.1975008,30.1923519
120.3102669,30.1824825
120.2946932,30.1980971
120.2850392,30.1740305
120.2921987,30.2123095
120.1972538,30.1935869
120.2871889,30.2415742
120.3031653,30.1781643
120.2139005,30.3386453
120.2834026,30.2332583
120.1969586,30.3332867
120.3361009,30.1848026
120.2368442,30.1840864
120.3527633,30.2700482
120.1994221,30.3323317
120.2039889,30.1990117
120.1998453,30.334283
120.28762,30.1589309
120.1976118,30.1927829
120.2902856,30.1676274
120.3314675,30.2769245
120.2793258,30.241633
120.3159781,30.2894432
120.1073852,30.3783101
120.3036947,30.3214362
120.2949768,30.2316227
120.292781,30.2268203
120.1974818,30.1923879
120.1007761,30.3598643
120.2852044,30.1512377
120.2803278,30.239583
120.2042585,30.1980965
120.2714359,30.19711
120.3262767,30.1811589
120.1052528,30.3802661
120.2857114,30.3475137
120.1968023,30.1932829
120.2031284,30.2005467
120.276319,30.2429886
120.2304654,30.3608333
120.3414223,30.2003136
120.2844901,30.2390109
120.1962531,30.3333012
120.3470412,30.220188
120.1969636,30.3332887
120.2982414,30.2060118
120.196967,30.2925116
120.2879721,30.2116954
120.3025206,30.2415328
120.3181355,30.2165906
120.2920242,30.2245265
120.3521161,30.1758466
120.3170698,30.1912496
120.295171,30.2405478
120.2271267,30.36981
120.2660909,30.2182224
120.2690384,30.2463005
120.2878611,30.2257714
120.1779695,30.1415562
120.3016581,30.2109033
120.2858411,30.2322969
120.3417624,30.2976067
120.304359,30.212016
120.2992791,30.2171776
120.2939488,30.2301327
120.277557,30.2345056
120.2459299,30.3547576
120.1974926,30.3332407
120.2621847,30.3522602
120.1831105,30.3533822
120.2019238,30.329411
120.1972686,30.3295287
120.3451724,30.2006023
120.3451654,30.2005853
120.2459209,30.3544776
120.1906215,30.3183379
120.3129017,30.1651788
120.2753406,30.2369632
120.2010063,30.3353676
120.216391,30.195567
120.2857482,30.1612325
120.196973,30.1934183
120.3191467,30.1767454
120.2041849,30.3368617
120.230408,30.3466981
120.2053575,30.1813833
120.3268827,30.1814299
120.1942386,30.1939616
120.2042259,30.3369417
120.2264414,30.2755566
120.207128,30.3479779
120.2947028,30.2342167
120.2863216,30.2022169
120.1461247,30.3407899
120.2797368,30.236845
120.2145511,30.3402151
120.2073396,30.3399547
120.1970542,30.1932005
120.3440109,30.3275858
120.2851848,30.2042091
120.3052225,30.174362
120.3532693,30.1363363
120.3027329,30.2220418
120.3124213,30.3038774
120.235982,30.342744
120.2279525,30.3707434
120.3504599,30.3385593
120.3338865,30.1807233
120.2041093,30.1980483
120.2132482,30.3629152
120.3382784,30.2153901
120.2129116,30.3632774
120.257688,30.369812
120.1965471,30.3340612
120.1991016,30.1314708
120.1973408,30.1933519
120.2305262,30.3467721
120.2139856,30.3640492
120.196951,30.1933763
120.2255471,30.3441579
120.2982702,30.1459832
120.2852517,30.2732154
120.306497,30.211406
120.2814563,30.1308126
120.197732,30.3325177
120.1957883,30.3335036
120.2922679,30.2267447
120.2619303,30.1596123
120.3021715,30.2051809
120.2560932,30.2115921
120.198123,30.3219951
120.307322,30.1714286
120.297007,30.2165256
120.2054101,30.3549884
120.30441,30.212498
120.2773589,30.3175621
120.1628569,30.1759796
120.2961884,30.2405832
120.2673316,30.2569291
120.3379512,30.196791
120.2243256,30.3405339
120.2040229,30.1982037
120.1968093,30.1934919
120.239434,30.3425006
120.2635447,30.3096817
120.1973258,30.1933529
120.3295171,30.1805778
120.1976894,30.1921265
120.2751139,30.1862595
120.249864,30.3179577
120.1995653,30.332373
120.3021789,30.3317205
120.2729021,30.2125551
120.306716,30.1829456
120.3523665,30.3389449
120.2000119,30.3321716
120.3053965,30.310541
120.278044,30.2454872
120.3058152,30.2419001
120.1967513,30.1933119
120.3075454,30.2075349
120.1969026,30.3332557
120.1973228,30.1934069
120.3304444,30.2093102
120.2732487,30.2001037
120.2314916,30.3659061
120.275148,30.2422136
120.1961831,30.3332212
120.1984132,30.3359439
120.3020101,30.2049503
120.2936981,30.1491965
120.2258105,30.3362993
120.2092649,30.3563113
120.1973108,30.1922589
120.2064676,30.3562104
120.1822854,30.2430336
120.2000869,30.3321726
120.2040383,30.1981933
120.297731,30.3095264
120.1850692,30.3482285
120.2122744,30.3619134
120.1954587,30.3334602
120.2813563,30.1180736
120.2861702,30.2014435
120.2696802,30.3784474
120.2826034,30.3791612
120.2273767,30.3445971
120.3064116,30.3393761
120.3314802,30.201548
120.1819649,30.324538
120.0668974,30.3694031
120.1970462,30.1931285
120.1949175,30.333854
120.1982902,30.3302719
120.2143656,30.3640682
120.2682366,30.1668816
120.1962331,30.3339622
120.2213002,30.3135029
120.2439103,30.3498772
120.094509,30.3758991
120.3059754,30.2019872
120.197357,30.3400211
120.2486724,30.3520406
120.1906687,30.3113021
120.3338643,30.2005731
120.192824,30.323709
120.3356989,30.2009656
120.1492322,30.3725963
120.2826117,30.2512327
120.2807704,30.1955192
120.3334964,30.1461297
120.1581379,30.2577814
120.297993,30.3118394
120.1907585,30.294372
120.1976264,30.1923765
120.3242546,30.1756708
120.2111298,30.3429602
120.3366726,30.1932094
120.2039979,30.1990267
120.287039,30.3099483
120.2066158,30.3571727
120.2930437,30.1492121
120.2365932,30.3483842
120.1960171,30.3337952
120.2790018,30.241579
120.1970212,30.1931373
120.2065372,30.1783605
120.2993676,30.307255
120.2265809,30.3087052
120.1973188,30.1933449
120.2921449,30.3176288
120.2099252,30.2862071
120.2018828,30.326362
120.2856708,30.2044601
120.1974668,30.1933999
120.1806294,30.3199676
120.2005505,30.3385
120.3124557,30.2996043
120.1167357,30.3703718
120.1944545,30.193844
120.279426,30.2687271
120.2543266,30.2117539
120.2999308,30.1559658
120.281034,30.2173442
120.1010073,30.3541915
120.2508948,30.3596106
120.2066658,30.3559067
120.1970482,30.1931685
120.3035327,30.3149957
120.2830487,30.150609
120.2747774,30.2222451
120.332238,30.1918597
120.2985194,30.2038728
120.2573067,30.3353781
120.2862615,30.2356013
120.2127386,30.3616484
120.207082,30.3393673
120.2889819,30.3666993
120.1976674,30.1923355
120.2237982,30.3572414
120.3032733,30.1781991
120.2284592,30.3421635
120.2103645,30.3311274
120.202822,30.2122152
120.206066,30.3266153
120.2694553,30.3155124
120.2064136,30.3569974
120.33085,30.2092952
120.1970968,30.1932019
120.1976464,30.1922675
120.1579595,30.1680281
120.2999581,30.1931146
120.1973828,30.1933259
120.3071063,30.1477468
120.1960951,30.3212547
120.1757077,30.3796693
120.2325763,30.3526297
120.2211697,30.3381304
120.2947744,30.3495196
120.2773154,30.241915
120.2815288,30.3614821
120.3035037,30.3149487
120.2945228,30.2351147
120.2097542,30.2857371
120.1943796,30.341961
120.2995516,30.30511
120.1942763,30.3321578
120.1975908,30.1939429
120.1969736,30.3333067
120.3027061,30.1968993
120.3376459,30.2941616
120.277995,30.2375462
120.3246288,30.1759842
120.2007481,30.3343698
120.1940038,30.3422484
120.1952423,30.1937358
120.1880356,30.3308254
120.331828,30.292612
120.2541297,30.1844975
120.2834262,30.318466
120.2846452,30.298877
120.2458079,30.3566496
120.196946,30.1933743
120.2498518,30.3500756
120.1973726,30.3331987
120.3055155,30.306638
120.3436623,30.1670702
120.1948913,30.3409538
120.3056499,30.3114724
120.1959345,30.3337979
120.297845,30.3119964
120.2322617,30.3476304
120.2079859,30.3125842
120.2346131,30.214611
120.1623601,30.1361859
120.1929124,30.3376784
120.286234,30.1656843
120.2810793,30.1212436
120.1201675,30.2809851
120.2426705,30.3495996
120.1850094,30.3312247
120.3181669,30.1946026
120.1810396,30.3072653
120.2912475,30.3556069
120.2038019,30.1992157
120.2025298,30.2120154
120.286759,30.3324793
120.2076786,30.189742
120.3054043,30.1904238
120.2915982,30.2258535
120.1948123,30.3480814
120.2993446,30.305356
120.2039969,30.1990137
120.3214005,30.1544577
120.103627,30.3167712
120.2163378,30.1819064
120.2789258,30.246137
120.2495334,30.3638262
120.2128454,30.3413964
120.2236696,30.3428029
120.2238016,30.3427939
120.2127224,30.3413214
120.1959643,30.3438584
120.2080177,30.3369196
120.2905102,30.2411705
120.1849722,30.3474055
120.2248003,30.1901365
120.3393232,30.1781075
120.2054106,30.3226533
120.1821417,30.2780549
120.1974954,30.3264283
120.2321116,30.3662571
120.196976,30.1932923
120.2557409,30.3082847
120.2257904,30.2625476
120.1966723,30.1931929
120.2935212,30.2091441
120.2118432,30.3413332
120.1891182,30.3484236
120.2887409,30.2262222
120.1976434,30.3324983
120.2061864,30.3320987
120.1968403,30.1933279
120.2166284,30.322484
120.2518733,30.2917456
120.180568,30.3443632
120.2194725,30.3223096
120.2240616,30.3417439
120.1496567,30.2953365
120.2392192,30.347778
120.3096289,30.1965895
120.1916575,30.3240167
120.2333713,30.2119726
120.3353101,30.1539537
120.169791,30.3360344
120.2386466,30.3444506
120.185108,30.3309753
120.2026322,30.3290864
120.1981916,30.3355263
120.2011613,30.330317
120.2032221,30.3302228
120.3152004,30.2064165
120.2054509,30.3391193
120.1937206,30.3444921
120.1590346,30.2652176
120.3089772,30.1553965
120.2123284,30.3413534
120.2450867,30.2235313
120.2735562,30.378943
120.2130998,30.3631956
120.1960031,30.3336222
120.1970152,30.1932413
120.201117,30.3313334
120.2875628,30.3088241
120.3237882,30.1936578
120.19397,30.239516
120.2454881,30.3507218
120.2878431,30.2255264
120.2682186,30.1668416
120.288859,30.1557699
120.2042979,30.3337337
120.2747931,30.349913
120.3065206,30.2065916
120.2801408,30.236743
120.1994371,30.3328217
120.1998729,30.3302316
120.2156133,30.3621804
120.1983052,30.3303249
120.3074734,30.3336449
120.213861,30.3721294
120.169722,30.2178198
120.308584,30.1477411
120.1545789,30.3375883
120.1956697,30.3337532
120.2555689,30.3084447
120.1972896,30.3295137
120.2447358,30.298176
120.2308822,30.3533129
120.1985692,30.3342439
120.2943158,30.2345437
120.2336603,30.3170662
120.2337715,30.3173032
120.2243866,30.3409429
120.1911635,30.3311029
120.1886756,30.3145245
120.1191031,30.2990986
120.2040973,30.1981783
120.1821423,30.3095385
120.1768375,30.3740077
120.2390774,30.344434
120.1791416,30.2803424
120.181726,30.3462408
120.1790529,30.3134548
120.2915314,30.3077102
120.2458331,30.3488738
120.305242,30.3395806
120.1884282,30.3428646
120.1013322,30.3010818
120.2130998,30.3631976
120.2389596,30.3543042
120.2237646,30.3427699
120.2122814,30.3618724
120.207127,30.3515899
120.1841354,30.3343679
120.147205,30.2949192
120.1091318,30.3073471
120.3243258,30.1795102
120.2819964,30.1717912
120.2861198,30.2010801
120.2793362,30.34251
120.2289272,30.3429185
120.2038197,30.3338834
120.2534338,30.3652712
120.1970262,30.1930393
120.2904389,30.3295428
120.284663,30.3271523
120.198236,30.3408177
120.20923,30.3638365
120.2407076,30.352897
120.1973128,30.1933519
120.223363,30.3418293
120.1965301,30.3295237
120.229979,30.1699774
120.2390182,30.344492
120.1706345,30.3385119
120.2781838,30.1210101
120.2157195,30.3447961
120.2060756,30.3390249
120.2157535,30.3450031
120.2458241,30.3488758
120.184734,30.3531263
120.1774879,30.1335365
120.2163108,30.1818294
120.2256637,30.3423335
120.2206953,30.325143
120.2313606,30.3651721
120.2684656,30.1560426
120.2017538,30.33646
120.2040603,30.1980283
120.2457064,30.2908736
120.2991554,30.3042536
120.2878456,30.1936149
120.2996996,30.304707
120.2621151,30.3145741
120.1963491,30.3361622
120.2966334,30.2271572
120.3063566,30.3393691
120.1829321,30.3483108
120.1975088,30.1923629
120.0923579,30.3164568
120.2311546,30.3651011
120.2726951,30.3175957
120.2376054,30.363849
120.1834141,30.2215603
120.2005563,30.323373
120.1967413,30.1934619
120.1795838,30.3112134
120.2458131,30.3488948
120.2334443,30.3581027
120.1944183,30.3324738
120.201049,30.3321012
120.2040673,30.1981733
120.2045691,30.3314719
120.1970898,30.1932529
120.3010873,30.2036015
120.1957397,30.3336512
120.1963441,30.3336682
120.2512312,30.3649528
120.1790113,30.3220099
120.2884959,30.2302642
120.2964149,30.2796473
120.2207101,30.3398518
120.1702505,30.3430054
120.313586,30.3722962
120.2031118,30.3302638
120.2042249,30.3331447
120.2504759,30.3123601
120.230491,30.3467551
120.2233348,30.3579398
120.212542,30.3274543
120.2439709,30.3453056
120.1423269,30.3462356
120.1218504,30.2742585
120.2070728,30.3272049
120.2359812,30.3512802
120.1385313,30.3158954
120.1841885,30.3532718
120.173823,30.183838
120.2093331,30.335291
120.2005705,30.338402
120.2445599,30.3466056
120.2463639,30.3578036
120.1994761,30.3329597
120.2910845,30.3201594
120.2284659,30.3474833
120.2072294,30.3147198
120.1981782,30.3297909
120.1678035,30.2483267
120.1214965,30.3147026
120.1926174,30.3350344
120.1973968,30.1933209
120.298901,30.336526
120.1982032,30.1923793
120.1820023,30.3089425
120.1974588,30.1925439
120.1767598,30.3411338
120.1833683,30.3533256
120.1973608,30.1933689
120.27688,30.2329726
120.1047189,30.3047661
120.2881911,30.3586136
120.1882518,30.3159779
120.198163,30.3409467
120.2189879,30.342337
120.2033637,30.3277034
120.2111068,30.3429622
120.2115073,30.2419402
120.3100709,30.3205495
120.2858361,30.2356349
120.2032507,30.3302164
120.3142762,30.2103673
120.2562859,30.356294
120.2082359,30.3177672
120.2844572,30.1722215
120.1983012,30.3303059
120.2157573,30.3628934
120.1929614,30.3280804
120.1917459,30.3243004
120.1999769,30.3323316
120.2040443,30.1984413
120.1931268,30.3237088
120.1976582,30.3333983
120.2403113,30.3419638
120.1655694,30.3289939
120.2075948,30.3330059
120.18358,30.3035982
120.2112645,30.3673316
120.1971908,30.1931439
120.1894831,30.3120719
120.3200689,30.3172766
120.2248566,30.3570704
120.1594522,30.2920632
120.2054649,30.3276185
120.2854525,30.2491553
120.2812919,30.1481806
120.1191143,30.2844618
120.1354902,30.3047077
120.2759468,30.2282382
120.1565772,30.3196017
120.3443845,30.1671604
120.1256287,30.3130579
120.1983582,30.3303279
120.2817736,30.2391737
120.1972528,30.1930599
120.1328999,30.3194148
120.2042135,30.1982383
120.1850474,30.3311787
120.230503,30.3480471
120.1892194,30.3116801
120.2425419,30.1890585
120.2058826,30.3358539
120.1975108,30.1923339
120.2950068,30.2268967
120.1973336,30.3377347
120.2082101,30.315285
120.3011083,30.2393677
120.1705672,30.2637468
120.2433756,30.1531527
120.1893104,30.3121253
120.2800014,30.2032292
120.239468,30.3425206
120.2049596,30.3153023
120.1792268,30.2996538
120.1005992,30.3323236
120.2905332,30.2406835
120.1825795,30.3058767
120.1719076,30.28815
120.2928562,30.2213181
120.091173,30.351619
120.1964401,30.3337912
120.1492834,30.3396438
120.2313418,30.3521277
120.1596707,30.3322563
120.1840774,30.3058762
120.1826625,30.3059007
120.1851818,30.3058456
120.1933328,30.3231358
120.2922749,30.3193278
120.1921989,30.3387399
120.2261706,30.380862
120.1933546,30.3415221
120.1933488,30.3211768
120.1983412,30.3303209
120.3030315,30.2013354
120.2137066,30.3605602
120.2269664,30.2892856
120.2899575,30.2285258
120.1379643,30.3070834
120.1415071,30.3054772
120.2078296,30.3543895
120.1965988,30.3338919
120.3512481,30.1736046
120.1976354,30.1922015
120.2843312,30.3141505
120.2771118,30.1260225
120.1902235,30.3094999
120.2437803,30.37506
120.1463623,30.3133936
120.1906507,30.3103151
120.1970768,30.1932599
120.1904317,30.3097341
120.1902275,30.3089439
120.1420533,30.3419312
120.2146731,30.3623002
120.2284372,30.3451085
120.1833577,30.3066169
120.1776505,30.2911378
120.275874,30.2435246
120.1697408,30.3149497
120.1274972,30.2862074
120.2885528,30.3057201
120.1967393,30.1934149
120.1657431,30.131042
120.2876221,30.2316644
120.2777444,30.236755
120.2900475,30.2291378
120.3171194,30.1338689
120.217958,30.3760157
120.1414403,30.2816719
120.3074796,30.1994461
120.2072518,30.3554287
120.1954847,30.3338962
120.206843,30.3361703
120.2852281,30.2335079
120.2004177,30.3321992
120.2284489,30.3474523
120.2433265,30.3501266
120.2285712,30.3450605
120.2757868,30.2283365
120.3120565,30.3290436
120.1960135,30.3378826
120.29247,30.1523334
120.3108927,30.3208923
120.2958538,30.2146437
120.2346664,30.3116728
120.276716,30.2462226
120.1976078,30.1935989
120.3384028,30.1944581
120.2137276,30.3605802
120.2138176,30.3606732
120.3064256,30.3433851
120.3160388,30.1787405
120.2044029,30.3337877
120.2064214,30.3401585
120.2422755,30.3497796
120.2973208,30.1938542
120.2121938,30.3631938
120.1973318,30.1937119
120.1625085,30.3303642
120.2950952,30.2042487
120.2827586,30.2334353
120.2701783,30.3025594
120.3333444,30.1854421
120.2796758,30.236432
120.2285282,30.3450635
120.2755854,30.2263491
120.3106399,30.1822705
120.2703597,30.3511233
120.1975738,30.1920509
120.3185987,30.2027474
120.2765478,30.2163795
120.3262577,30.1945629
120.1969566,30.3332257
120.1879917,30.3459076
120.2029467,30.3131419
120.3403454,30.1425793
120.2151261,30.3656852
120.1969546,30.3338727
120.1850362,30.3481855
120.1958036,30.2910381
120.1976422,30.3335013
120.2524788,30.3629152
120.297811,30.3122404
120.1585697,30.1694803
120.1585077,30.1684633
120.1113305,30.3776425
120.1592033,30.3396789
120.207635,30.3568269
120.2793328,30.243047
120.2842567,30.2390665
120.2063266,30.3571914
120.2007377,30.3288152
120.2322693,30.3475427
120.198136,30.3352567
120.3525595,30.3270769
120.1968996,30.3332857
120.1379643,30.3070834
120.1969586,30.3332947
120.1969806,30.3333037
120.196803,30.3332681
120.1972866,30.3280657
120.1969856,30.3333207
120.1969806,30.3333037
120.1969096,30.3332837
120.1969066,30.3332317
120.1705752,30.2637708
120.1971756,30.3263777
120.2906745,30.2288128
120.2869894,30.3480272
120.197795,30.3279141
120.1696958,30.3149927
120.1970016,30.3338487
120.2869474,30.3479942
120.2609292,30.3750057
120.1969466,30.3332837
120.2901064,30.148504
120.1969396,30.3331947
120.2858172,30.2046977
120.2931912,30.2212651
120.2823646,30.2420583
120.3398076,30.1357135
120.2239616,30.3417809
120.2813203,30.1180986
120.1974758,30.1930959
120.2039439,30.1993727
120.1974598,30.1931539
120.1974198,30.1933619
120.133083,30.173489
120.1973458,30.1932139
120.3303406,30.1922754
120.3396235,30.2078653
120.3131199,30.176273
120.2815276,30.2093026
120.2874811,30.2317274
120.3110947,30.1828552
120.2922929,30.2269047
120.2811623,30.1253376
120.2891739,30.2251832
120.316316,30.1787989
120.3050357,30.1483852
120.1074402,30.3787381
120.3100705,30.1817761
120.3151174,30.2063895
120.3297909,30.1908576
120.3298289,30.1908386
120.3438043,30.1670072
120.2911222,30.2390465
120.3265167,30.1928679
120.2831689,30.2624591
120.3330634,30.1501147
120.307432,30.2082655
120.3063633,30.1650188
120.2893715,30.2469878
120.1984872,30.3336169
120.2933851,30.1504165
120.2903685,30.2273138
120.0933194,30.3784925
120.2912492,30.2409975
120.2907972,30.2395425
120.2875649,30.2455932
120.3403148,30.1954411
120.3016451,30.2244083
120.2650305,30.205345
120.3367671,30.1589724
120.3270172,30.1482959
120.2853612,30.1588575
120.283517,30.2407107
120.3140287,30.1542084
120.2746683,30.2037919
120.3304186,30.1901414
120.3263187,30.1810849
120.3302786,30.1922374
120.2036849,30.1736371
120.2736762,30.2345473
120.3421133,30.1966946
120.2968264,30.2371068
120.3070212,30.2337161
120.2749531,30.2068647
120.3437473,30.1701232
120.3031853,30.1780033
120.2775748,30.1167065
120.2871065,30.238747
120.2888059,30.2309102
120.3005373,30.2169697
120.3176573,30.2114532
120.3226578,30.1685055
120.3090054,30.1904219
120.2877789,30.2385532
120.2742629,30.2038095
120.300161,30.2762674
120.2845927,30.2338485
120.2794718,30.243991
120.278345,30.2420962
120.2879539,30.2386402
120.2933784,30.2336395
120.2316888,30.3610683
120.2915246,30.2388959
120.1969266,30.3332507
120.2846531,30.2409069
120.2739872,30.2284293
120.3318762,30.188212
120.3119577,30.1810208
120.3061966,30.2102956
120.3117467,30.1817698
120.2903845,30.2366708
120.3154978,30.1661379
120.3155164,30.1636813
120.2897147,30.229066
120.2937228,30.2335897
120.2826426,30.2412103
120.2981446,30.1702286
120.3486546,30.158258
120.2851486,30.2182963
120.3074825,30.2280313
120.1969406,30.3332837
120.3384104,30.2135341
120.277032,30.2433116
120.2944938,30.2382967
120.2988556,30.3354526
120.2409268,30.2356788
120.2001909,30.3324186
120.3227695,30.1770317
120.2823046,30.2409903
120.0749597,30.1619228
120.2795998,30.244509
120.2711274,30.2390855
120.3173924,30.180806
120.2014498,30.331705
120.2871318,30.1702401
120.3082766,30.1713091
120.2410348,30.2427788
120.1750292,30.2452612
120.2823676,30.2420473
120.2879279,30.2416582
120.2905705,30.2386168
120.1882314,30.1860412
120.3440995,30.1699026
120.3126586,30.2328251
120.2473908,30.1773975
120.2895345,30.2369298
120.135942,30.339941
120.3177306,30.1955284
120.3518015,30.3388439
120.3072552,30.182886
120.3105929,30.1831705
120.3248972,30.1780984
120.2839047,30.2413017
120.2839947,30.2408427
120.3044616,30.2404706
120.2581872,30.2318501
120.277406,30.2385546
120.3402798,30.1938971
120.3154034,30.1654273
120.3039169,30.2034228
120.312294,30.2095666
120.3333174,30.1853901
120.3119107,30.1817598
120.2961644,30.2406082
120.3151494,30.2064035
120.295945,30.2106594
120.3543565,30.3090069
120.2769084,30.2504118
120.3142838,30.1897319
120.2966852,30.1707507
120.2839047,30.2417667
120.2568063,30.1623267
120.2882777,30.242496
120.3360125,30.1847292
120.0890542,30.3631301
120.3064725,30.148447
120.3003439,30.2190443
120.3046875,30.189697
120.2872909,30.2425062
120.2887689,30.2273302
120.2703982,30.2517753
120.3090792,30.1628615
120.2892017,30.231122
120.2905642,30.2410605
120.2909852,30.2396245
120.2923641,30.2122429
120.3024369,30.1726319
120.2831286,30.2404973
120.2588881,30.2147394
120.3322652,30.186606
120.1630711,30.1684229
120.3404747,30.2317653
120.3379392,30.193878
120.2927022,30.2332141
120.3057342,30.2460631
120.1970246,30.3340637
120.2825656,30.2415043
120.2903871,30.193179
120.280819,30.2158012
120.3090572,30.1533225
120.3056315,30.171418
120.2836,30.2402887
120.3030859,30.1726549
120.1919449,30.3372389
120.2594021,30.3115415
120.2691431,30.1872942
120.2902755,30.2391118
120.1939672,30.1941418
120.2215282,30.3281359
120.3101025,30.1829961
120.3476967,30.2796166
120.3193297,30.1906634
120.2993728,30.1633998
120.2900587,30.22618
120.2842377,30.2406955
120.3060244,30.3616755
120.297533,30.1734774
120.2935164,30.2336075
120.2724644,30.2225535
120.2866175,30.243926
120.2938052,30.2234801
120.3247622,30.1791894
120.2891949,30.2265272
120.3119693,30.1643834
120.307011,30.1629436
120.3427675,30.1690344
120.2866826,30.1971979
120.3102919,30.332473
120.2488197,30.2375234
120.3056603,30.1816148
120.2836087,30.2420047
120.3024965,30.2138404
120.2750026,30.2412442
120.2895621,30.1957924
120.2865245,30.243812
120.276814,30.2387966
120.3226802,30.1799959
120.3337681,30.1804369
120.2826156,30.2412673
120.3394182,30.1895765
120.2948168,30.2232177
120.2795404,30.1941276
120.2733059,30.2083135
120.2905715,30.2386868
120.3103279,30.1823155
120.3130857,30.2037667
120.3150764,30.2064215
120.2938388,30.2361347
120.3333891,30.1893269
120.2361991,30.2110506
120.2902785,30.2391208
120.2906045,30.2386638
120.3304276,30.1886924
120.3315602,30.188507
120.2887227,30.236462
120.3210907,30.1800763
120.3423228,30.1674816
120.3124307,30.1645468
120.2883399,30.2270722
120.2358541,30.2111016
120.27804,30.2376252
120.2908892,30.2357235
120.3304856,30.1885734
120.2874209,30.2389392
120.2959262,30.1938267
120.2854761,30.2328789
120.2363871,30.2109786
120.2780479,30.1668061
120.3386562,30.1937425
120.2836917,30.2413007
120.3296431,30.1782078
120.340548,30.3032813
120.0567665,30.3053843
120.3243227,30.2229714
120.3279603,30.1927675
120.2816293,30.1200406
120.3055792,30.2108902
120.2904595,30.2367578
120.282475,30.2353299
120.3186705,30.2158132
120.2885417,30.242308
120.1727329,30.1351734
120.3295331,30.1804288
120.2837957,30.2408637
120.3350004,30.2813351
120.0888752,30.3607721
120.1420572,30.2743025
120.30707,30.1626786
120.2872643,30.2390538
120.2850801,30.2330909
120.2969367,30.1395587
120.2939108,30.2347007
120.2968394,30.2360848
120.3283327,30.1817909
120.3128459,30.1807242
120.2910592,30.2390475
120.3431815,30.1674744
120.337042,30.1935118
120.24072,30.3487986
120.282909,30.2027677
120.3273413,30.1931845
120.2966,30.2353506
120.2896695,30.2392228
120.3204525,30.1698062
120.276915,30.2432026
120.2946196,30.2116313
120.3069456,30.2096911
120.3023379,30.1785749
120.338383,30.178305
120.3214161,30.1827387
120.3050805,30.181609
120.3268505,30.3234457
120.2893167,30.233443
120.2639829,30.1987578
120.2909701,30.194035
120.352276,30.2419199
120.2888439,30.2304732
120.283527,30.2405437
120.2448049,30.2053475
120.2837977,30.2409437
120.2436315,30.3513186
120.2817676,30.2412557
120.3409619,30.1966213
120.3077056,30.1826511
120.3046385,30.189644
120.2520217,30.2568982
120.2961372,30.2124008
120.3338481,30.1805459
120.3299676,30.2013794
120.3386976,30.169254
120.2829296,30.2406743
120.3303606,30.1901334
120.2880369,30.2309732
120.2877679,30.2309772
120.2272641,30.3432877
120.3257327,30.1987709
120.2903555,30.2367438
120.3067166,30.2105181
120.2947114,30.2678852
120.275353,30.2411296
120.3215091,30.1803417
120.2883306,30.1726619
120.3257052,30.1736124
120.3219241,30.1751857
120.3538945,30.3090549
120.276561,30.2469356
120.3152584,30.2162785
120.2553679,30.3377985
120.0663651,30.3164916
120.3408563,30.2187746
120.3055263,30.1805938
120.1967568,30.3338411
120.1916769,30.3351649
120.3069066,30.2096541
120.2891347,30.236299
120.3256222,30.1771894
120.2875809,30.2455092
120.1521294,30.1575443
120.2837167,30.2427387
120.333038,30.1895437
120.3065222,30.208629
120.3071076,30.2002671
120.2903965,30.2392738
120.2910262,30.2411255
120.2882527,30.242492
120.1966288,30.3338819
120.2844071,30.2394309
120.2930397,30.1509421
120.3303956,30.1887024
120.3079949,30.2364635
120.2520639,30.3164421
120.3059502,30.2425011
120.3161032,30.1784701
120.2839377,30.2409987
120.3292921,30.1806168
120.322759,30.2278426
120.284429,30.2337627
120.3138283,30.1814674
120.2776,30.2347686
120.3062975,30.1484
120.3257687,30.2016319
120.3334054,30.1853031
120.156293,30.3285234
120.3338745,30.1806493
120.2817289,30.3167008
120.3429775,30.1690694
120.316829,30.1814419
120.29771,30.1755244
120.1166465,30.3703058
120.2741984,30.2192231
120.2109324,30.2838603
120.2841276,30.2320913
120.1874949,30.3457898
120.2839367,30.2409467
120.29728,30.2237924
120.2594304,30.1212171
120.2768446,30.2654832
120.2899347,30.227269
120.1969626,30.3332797
120.2865575,30.244699
120.2856111,30.2332919
120.300186,30.2759404
120.2438865,30.3229439
120.2857991,30.2322689
120.3460679,30.2917348
120.2907362,30.2406935
120.3272503,30.1909695
120.2825196,30.2414703
120.2849211,30.2332269
120.3440165,30.1710866
120.2852491,30.2432709
120.2869581,30.2202129
120.280424,30.2163942
120.2946833,30.3307227
120.3025931,30.3305351
120.2883927,30.242806
120.1149204,30.380058
120.3055373,30.1816498
120.2789608,30.1173951
120.2869306,30.1997789
120.2842697,30.2390455
120.2793278,30.241577
120.2882637,30.242585
120.3106509,30.1832035
120.3215861,30.1761837
120.2845561,30.2439389
120.1814109,30.1396486
120.3249377,30.1995744
120.2827856,30.2348373
120.3169846,30.1543263
120.2829826,30.2348523
120.2926335,30.3353653
120.3357244,30.2237492
120.1256999,30.1286367
120.3053966,30.2202016
120.1077627,30.3782431
120.2793288,30.239303
120.1331781,30.186505
120.28935,30.2683183
120.0681771,30.1719951
120.3548338,30.2089962
120.3072943,30.1414318
120.3245868,30.1777502
120.3165676,30.1788363
120.0570592,30.3673411
120.2887197,30.238453
120.3165376,30.1785793
120.2900745,30.2282218
120.2884967,30.242933
120.260532,30.2638574
120.2766304,30.250183
120.2750796,30.2395685
120.1513366,30.3766561
120.3103289,30.1825455
120.3104599,30.1820285
120.1994731,30.3327697
120.3394282,30.1690385
120.3350003,30.1884611
120.3065243,30.1730028
120.2922129,30.2266857
120.2878729,30.2386302
120.3126451,30.1813192
120.2846721,30.2415189
120.2841126,30.2329313
120.2903445,30.2367278
120.2800368,30.242207
120.2554332,30.262556
120.3307448,30.1921658
120.2845961,30.2406169
120.2101525,30.1992774
120.2902715,30.2361418
120.303954,30.212625
120.3512813,30.3387705
120.2898467,30.227274
120.3441145,30.1699186
120.264589,30.255517
120.1605396,30.3187198
120.2893827,30.229275
120.2943358,30.2357917
120.168831,30.1739988
120.3065506,30.1996676
120.2805248,30.235923
120.3410443,30.2184036
120.2948329,30.1644353
120.3061373,30.3069848
120.2624419,30.1964528
120.278285,30.2421532
120.2977606,30.330801
120.3370856,30.1876274
120.206989,30.3357813
120.2847072,30.1711205
120.3034066,30.2217496
120.2892347,30.233454
120.2843667,30.149607
120.3546859,30.1377789
120.2887809,30.2268272
120.324527,30.2044646
120.30622,30.1819146
120.2834517,30.2437687
120.2967878,30.2089122
120.3307296,30.1888864
120.3167486,30.1803153
120.3339235,30.1806413
120.3290001,30.1894098
120.2982694,30.2184938
120.2616179,30.1966498
120.2910652,30.2411185
120.3009815,30.2230849
120.2898757,30.227536
120.2971384,30.2358838
120.3166586,30.1788943
120.2771388,30.1219395
120.2357831,30.2125726
120.1722433,30.1260178
120.2871951,30.2270714
120.2881969,30.2299942
120.2611705,30.1972654
120.3118027,30.1816218
120.3160458,30.1634915
120.275951,30.2410996
120.2641229,30.2054608
120.0768049,30.1450396
120.3048045,30.180799
120.276859,30.2458956
120.3205431,30.2054157
120.3505029,30.3382593
120.3161812,30.1789491
120.3372854,30.1948312
120.2543693,30.1354157
120.0564631,30.3071909
120.3412653,30.1970416
120.3344123,30.2008991
120.2634294,30.2411674
120.2864708,30.1972391
120.2850161,30.2332089
120.33068,30.190989
120.3036259,30.1760684
120.3098402,30.1810787
120.2827554,30.2159181
120.2988556,30.3354526
120.2841037,30.2408477
120.3110837,30.1828532
120.3402732,30.3262025
120.33323,30.1794807
120.2266319,30.3039522
120.1256199,30.1284877
120.289123,30.2729283
120.2630399,30.2026398
120.2454649,30.3518516
120.3156768,30.1636729
120.2894465,30.2468488
120.2875801,30.2261954
120.2906972,30.2397215
120.1966888,30.3332241
120.3338925,30.1806463
120.2799268,30.242235
120.282146,30.2411049
120.2795638,30.242014
120.196765,30.3332491
120.2873981,30.2313784
120.3180719,30.1945776
120.275863,30.2410856
120.2839307,30.2403467
120.2558977,30.3147255
120.2629157,30.2146936
120.2694349,30.205918
120.2840057,30.2406277
120.2849871,30.2328619
120.2791108,30.243337
120.275745,30.2410726
120.3314174,30.1876502
120.3067766,30.2102261
120.2878539,30.2396632
120.2992193,30.2435977
120.3302724,30.1886206
120.3301101,30.1644488
120.2887347,30.236125
120.0780155,30.2609709
120.2919018,30.1246692
120.1594767,30.3321943
120.2917963,30.1951221
120.2008543,30.3321766
120.2841387,30.2420955
120.2908477,30.1712736
120.206401,30.1559164
120.1914561,30.1641686
120.2750486,30.2413852
120.299037,30.336239
120.2841237,30.2404747
120.2810033,30.16728
120.3408963,30.2187656
120.1943768,30.3515694
120.2900205,30.2361808
120.2760441,30.3142433
120.2842971,30.2440069
120.2796828,30.238289
120.2881179,30.2308352
120.2819101,30.2623463
120.2453038,30.293004
120.2898166,30.1269663
120.3171626,30.1931136
120.3030489,30.1779589
120.2931922,30.2272761
120.3154482,30.1812463
120.3435303,30.1668412
120.3036761,30.1803181
120.3172699,30.19326
120.2903415,30.2366808
120.282528,30.2352239
120.3116605,30.1667276
120.3111367,30.1815682
120.3109245,30.1810436
120.111732,30.382534
120.3319996,30.1442344
120.3295441,30.1812338
120.3063895,30.150569
120.3542617,30.1679767
120.3314554,30.1899542
120.3366076,30.1935874
120.3113257,30.1815122
120.2776814,30.236649
120.2326124,30.2354846
120.2806984,30.2004022
120.1719958,30.1811977
120.3144682,30.2310757
120.3363666,30.2033594
120.3015572,30.3157311
120.2975507,30.2369342
120.3048256,30.2245606
120.3062106,30.2103996
120.177451,30.3521906
120.3256657,30.1954609
120.3432186,30.2868419
120.2839327,30.2408907
120.2921829,30.2239979
120.1973126,30.3332197
120.3180239,30.1998366
120.2005011,30.3322648
120.1370939,30.1878389
120.303907,30.212471
120.1977514,30.3337363
120.303862,30.21451
120.2943528,30.2229367
120.2946188,30.2380727
120.3226628,30.1685135
120.2846931,30.2415439
120.3522821,30.2071207
120.3101819,30.1824135
120.3405031,30.2255969
120.2554627,30.3174815
120.2780542,30.2505126
120.3357655,30.1525909
120.3435343,30.1668352
120.3546347,30.1623967
120.3260383,30.1785476
120.3349883,30.1884561
120.3486396,30.155753
120.2844,30.2334867
120.2904722,30.2419345
120.2245588,30.3364531
120.2792858,30.241576
120.3229466,30.1798823
120.3133893,30.1813124
120.2749316,30.2397495
120.3164056,30.1786173
120.2878849,30.2312472
120.1772388,30.2401188
120.278733,30.2371112
120.3126924,30.211709
120.1966048,30.3338959
120.290326,30.2677173
120.3067282,30.2332621
120.3180509,30.1903586
120.1951735,30.333606
120.2936074,30.2355523
120.2988251,30.2320196
120.2565506,30.2705764
120.304735,30.250521
120.1954667,30.3337672
120.3367966,30.1904014
120.3436873,30.1702192
120.3229456,30.1813233
120.2543746,30.2124467
120.3025755,30.2134884
120.2855351,30.2445969
120.1935918,30.3334704
120.2793448,30.243079
120.2905789,30.1957762
120.2857112,30.1607525
120.3315201,30.2218003
120.2924481,30.2110609
120.1968073,30.1934459
120.1758404,30.1432615
120.3348583,30.1885161
120.2828026,30.2350883
120.2856712,30.2080017
120.2836807,30.2413277
120.0654264,30.121714
120.1298128,30.1822521
120.281987,30.2411601
120.1611668,30.184895
120.3370971,30.2844589
120.3273701,30.1731751
120.2994208,30.33369
120.3227331,30.1656583
120.3219695,30.1365687
120.2773364,30.241944
120.1999709,30.3323176
120.2905232,30.2410435
120.2936611,30.1526865
120.1512073,30.367858
120.2998579,30.2164253
120.1960261,30.3234467
120.2034714,30.1994157
120.3222055,30.1483757
120.240957,30.3487326
120.2691146,30.1649666
120.282283,30.2091767
120.3257996,30.1794008
120.3231716,30.1788873
120.2323888,30.3633243
120.3068496,30.2101611
120.3215957,30.1707281
120.1995313,30.3326247
120.2989036,30.3318696
120.196964,30.1936213
120.2522497,30.2574172
120.3261381,30.2312207
120.2877499,30.2384092
120.3423285,30.1802114
120.275662,30.2367026
120.2911332,30.1508268
120.1542958,30.3699241
120.3519865,30.3371919
120.1972998,30.1933229
120.2774174,30.242023
120.2862244,30.1417043
120.1969436,30.3339947
120.3307786,30.1881994
120.3219301,30.1799817
120.2337302,30.3078201
120.3049715,30.179945
120.3039961,30.1768228
120.3543555,30.2666052
120.2817678,30.216485
120.0976074,30.3740851
120.2006181,30.3320688
120.1974156,30.3305407
120.1951515,30.333314
120.2750054,30.2282001
120.1647985,30.1328797
120.2967464,30.3376416
120.2069958,30.1866461
120.3000924,30.1893113
120.2823234,30.3795522
120.2837416,30.2328703
120.3305076,30.1885454
120.1951735,30.333606
120.2845811,30.2406899
120.3102188,30.1652181
120.2890541,30.2068704
120.3136561,30.3351297
120.1973268,30.1933649
120.285688,30.2104817
120.2892379,30.2300032
120.3036756,30.2137686
120.1969176,30.3340497
120.316809,30.1814709
120.1964511,30.3384892
120.2875489,30.2439162
120.2639279,30.2034978
120.3032213,30.1777811
120.1964061,30.3331982
120.2322507,30.3476384
120.2081287,30.3359826
120.281021,30.2164552
120.282395,30.2084917
120.3314884,30.1872942
120.2944668,30.2230807
120.3282593,30.1785795
120.2765708,30.2266472
120.3504746,30.173612
120.1095779,30.3776883
120.2248568,30.3422001
120.2874551,30.2315954
120.3116542,30.1649022
120.1916749,30.3351829
120.1946565,30.333876
120.2888404,30.1624403
120.3338685,30.1806803
120.3200267,30.2066415
120.332459,30.1934237
120.1965381,30.3339542
120.3002269,30.2194963
120.1968896,30.3332597
120.2838997,30.2405357
120.213791,30.3715874
120.3213161,30.1827067
120.2026331,30.2801893
120.2840477,30.150418
120.3070916,30.2087381
120.1959831,30.3338542
120.2704132,30.2517903
120.1958603,30.3338396
120.3408482,30.1970595
120.2594454,30.2138398
120.1863111,30.3248154
120.3255541,30.2329307
120.1743787,30.3246116
120.3132721,30.169565
120.2749396,30.2432722
120.2196581,30.3383222
120.1971376,30.3339787
120.3304816,30.1894784
120.0975334,30.3743231
120.1876623,30.3225964
120.0929618,30.1329818
120.2893217,30.233265
120.2771868,30.1220125
120.2750664,30.1213113
120.2459759,30.3524216
120.1975844,30.3284953
120.2304156,30.214532
120.0672972,30.2451487
120.3523992,30.2118771
120.2808556,30.2415287
120.2054845,30.1840463
120.2457859,30.3549136
120.2903975,30.2367518
120.2526289,30.1175053
120.1997579,30.3321616
120.2041383,30.1980093
120.2211223,30.2318144
120.2006771,30.3318828
120.320938,30.153741
120.1968283,30.1934109
120.157669,30.1681021
120.1968756,30.3332767
120.3538776,30.2118141
120.2634697,30.2073926
120.2859426,30.2131109
120.1969456,30.3299767
120.2917685,30.2127958
120.1967245,30.3500546
120.284144,30.233755
120.1996503,30.332195
120.2960864,30.2406852
120.3253742,30.1767214
120.1969776,30.3332767
120.328354,30.207336
120.1962711,30.3381882
120.201295,30.3335204
120.2891069,30.2269262
120.2768804,30.2533148
120.3523695,30.3335759
120.202233,30.336659
120.1942314,30.339544
120.2505581,30.2568488
120.2227798,30.3385453
120.2900587,30.22618
120.3069616,30.2124861
120.247224,30.380592
120.278369,30.2372672
120.2948288,30.2252387
120.1955377,30.3340242
120.1941883,30.3335318
120.2759968,30.2282162
120.2739652,30.2318943
120.3125404,30.2501339
120.1529766,30.299921
120.3247038,30.178431
120.1999859,30.3323206
120.1966898,30.3339601
120.1620699,30.1372986
120.3220665,30.1366697
120.2934312,30.2216261
120.201261,30.331439
120.1950335,30.333493
120.3040993,30.1721668
120.279742,30.165903
120.1974988,30.1921789
120.3102909,30.1824395
120.2946802,30.1981101
120.316863,30.1814356
120.2850342,30.1740325
120.2839716,30.2318023
120.1970196,30.3333727
120.2872008,30.1701381
120.1976148,30.1932899
120.2792818,30.241567
120.3239256,30.1775798
120.2813058,30.217721
120.2713967,30.2268857
120.2851812,30.1609825
120.2864221,30.2234339
120.2174706,30.1964782
120.2852104,30.1512387
120.2802978,30.239598
120.2042805,30.1981405
120.2970873,30.2724139
120.3030336,30.2204538
120.230987,30.2036624
120.3298659,30.1822326
120.281295,30.2516979
120.2051601,30.3368119
120.2856994,30.3475077
120.1968773,30.1933999
120.188308,30.1414285
120.2171839,30.2961164
120.3416913,30.2011386
120.2803108,30.239247
120.1959185,30.3338016
120.2912318,30.1491232
120.3489686,30.1813804
120.2966628,30.2074612
120.3356785,30.2873783
120.2840067,30.2393267
120.1973702,30.2926028
120.2879841,30.2111824
120.2855341,30.2438949
120.3210448,30.2199795
120.2917092,30.2264955
120.1957007,30.3484408
120.3170718,30.1912026
120.2271407,30.369787
120.20111,30.327702
120.2881329,30.2257932
120.3213775,30.1667357
120.2960517,30.1420071
120.1637374,30.1659091
120.3478577,30.2302678
120.2858691,30.2323159
120.1967853,30.1934429
120.3069785,30.2375385
120.2990751,30.2171106
120.2968634,30.2268232
120.2460239,30.3547916
120.2176892,30.2175277
120.1973286,30.3304877
120.3190504,30.1492496
120.2099799,30.3371296
120.2519398,30.3562606
120.2459039,30.3564596
120.1830965,30.3532782
120.1459501,30.3159673
120.2018578,30.32939
120.3451654,30.2005843
120.2458189,30.3549436
120.1905125,30.3183059
120.2754016,30.2368642
120.2982794,30.2184208
120.1913875,30.3346719
120.3160772,30.1787151
120.2835389,30.2601821
120.1971098,30.1930789
120.3000395,30.2447049
120.2102983,30.3434988
120.2106672,30.3428736
120.2042039,30.3373327
120.2009343,30.3387296
120.2053625,30.1813863
120.2041199,30.3370017
120.1671145,30.2217207
120.1461417,30.3407899
120.1970988,30.1933679
120.2840376,30.2324193
120.2042415,30.1981405
120.1970162,30.1934343
120.3019553,30.2045263
120.2946538,30.2410117
120.3052225,30.174362
120.3027889,30.2220678
120.1884392,30.3431296
120.3124473,30.3037294
120.1968606,30.3332727
120.235866,30.342817
120.3308368,30.1911048
120.2062816,30.3559874
120.1135701,30.1884205
120.2839452,30.313121
120.3337531,30.1807619
120.3167486,30.1803153
120.2835389,30.2601821
120.2017688,30.331944
120.1973838,30.1933949
120.2305322,30.3467081
120.3126342,30.1369958
120.2140106,30.3640692
120.1970848,30.1932329
120.2169152,30.3437913
120.2184866,30.3388708
120.303978,30.21282
120.2503739,30.1353627
120.306306,30.1810816
120.2921909,30.2266929
120.2619303,30.1596123
120.3053525,30.310553
120.3024221,30.2051543
120.2595191,30.2115834
120.198153,30.3224851
120.297036,30.2166166
120.180802,30.2006296
120.3037196,30.2128686
120.2000409,30.3323276
120.2933224,30.2344265
120.3261787,30.1806149
120.1975482,30.3425991
120.1961871,30.3337352
120.1968786,30.3332587
120.2244768,30.3406421
120.197837,30.3354167
120.1968073,30.1934609
120.1743425,30.318161
120.2103672,30.3365526
120.2635067,30.3098307
120.1919248,30.318835
120.2074974,30.3358043
120.3023619,30.1784209
120.3052105,30.310594
120.277865,30.2445062
120.2447124,30.3253055
120.2871059,30.2446342
120.1968283,30.1934819
120.1973278,30.1933939
120.2858971,30.3734096
120.3183138,30.1698024
120.2463629,30.3580126
120.3070222,30.1987127
120.2936541,30.1492175
120.3256907,30.2013999
120.1699845,30.3314169
120.1967453,30.1934359
120.2000289,30.3322306
120.1512893,30.1648265
120.3326472,30.163877
120.1969416,30.3332647
120.2469157,30.3533692
120.2934199,30.2021107
120.2697452,30.3785054
120.2826714,30.3792162
120.3018797,30.3303817
120.2124552,30.3613548
120.2918858,30.1245682
120.2095274,30.2847895
120.3337145,30.2011573
120.0590118,30.3664093
120.1809134,30.3200366
120.112648,30.3838
120.0660028,30.3690849
120.1970978,30.1932409
120.1983452,30.3303209
120.2142546,30.3641992
120.1970332,30.1933563
120.2682096,30.1667826
120.1949715,30.333424
120.2213312,30.3134589
120.2439193,30.3498972
120.2112888,30.3376412
120.1970372,30.1931905
120.3060454,30.2020712
120.1975128,30.3402705
120.19682,30.3332531
120.2487004,30.3519746
120.1907367,30.3112471
120.3296751,30.1779678
120.1926284,30.3234284
120.1493024,30.3724863
120.2039609,30.1992757
120.2826007,30.2512327
120.3000625,30.2449459
120.202213,30.3396148
120.3335454,30.1460657
120.2768494,30.248543
120.1719471,30.2224235
120.3297145,30.1804762
120.1973058,30.1933699
120.1976264,30.1923765
120.2111518,30.3429692
120.2767268,30.1169075
120.2151877,30.363574
120.2039609,30.1992787
120.287061,30.3099123
120.2202573,30.3364084
120.2930177,30.1492091
120.2041705,30.1982403
120.2791068,30.241506
120.1970342,30.1933443
120.2829751,30.2534143
120.1783514,30.2393025
120.2993786,30.30657
120.2266749,30.3090002
120.1156567,30.2974672
120.2937423,30.3149879
120.2548819,30.3000597
120.2027992,30.3281894
120.1974118,30.1934739
120.1806124,30.3199336
120.2005615,30.33837
120.1788863,30.3231809
120.3286084,30.2293216
120.1811312,30.3096677
120.2644957,30.2110596
120.165235,30.1726467
120.2933841,30.1503005
120.2620441,30.3146441
120.1968416,30.3332607
120.3288657,30.1805387
120.281026,30.2173512
120.2866434,30.1490253
120.2081207,30.3323116
120.2243796,30.3404809
120.2064916,30.3550444
120.2742364,30.2224031
120.2761358,30.1260015
120.1279289,30.3211537
120.207049,30.3392733
120.1976904,30.1923145
120.3032733,30.1781991
120.230288,30.3444091
120.1982869,30.3231337
120.2827566,30.3344271
120.2688983,30.3174694
120.1928304,30.3351884
120.3298454,30.2020416
120.1423631,30.1873442
120.1580125,30.1679751
120.3000871,30.1932866
120.1973898,30.1934389
120.307735,30.1494276
120.1935238,30.3230848
120.1768233,30.3796315
120.3232011,30.1501233
120.2324617,30.3525341
120.2225508,30.339182
120.2368463,30.2816307
120.2772714,30.241929
120.1459907,30.1227166
120.2781149,30.3433958
120.283983,30.358702
120.2945648,30.2351517
120.28878,30.179516
120.3314394,30.1807642
120.1952094,30.2891929
120.3306746,30.2092448
120.1949013,30.3414938
120.1724912,30.2854796
120.1949605,30.333596
120.2922351,30.2143949
120.3252623,30.2043378
120.1945503,30.3335618
120.3034725,30.1967054
120.3246038,30.1760402
120.2018294,30.3239556
120.1940038,30.3422484
120.2882469,30.2274042
120.1880356,30.3308254
120.2416743,30.3423198
120.283665,30.3389023
120.2457819,30.3567096
120.1969962,30.1931963
120.2493612,30.3499552
120.1973126,30.3332197
120.3265347,30.1816599
120.2666671,30.2262618
120.2800078,30.246432
120.3427215,30.1674804
120.1949383,30.3412088
120.1972946,30.3340087
120.2987764,30.3049696
120.2986166,30.320802
120.2532787,30.1831845
120.2045579,30.3398327
120.2546988,30.2123097
120.2772534,30.242681
120.1946295,30.19381
120.1929524,30.3377264
120.1449821,30.2866308
120.2424035,30.3498396
120.2993951,30.2170236
120.1849814,30.3318917
120.1822093,30.3083875
120.2912475,30.3556069
120.2320566,30.3664251
120.2910225,30.2289658
120.327987,30.17611
120.2566837,30.1837345
120.1976694,30.1922785
120.2038019,30.1992157
120.2992452,30.3051806
120.1958603,30.3338396
120.2078046,30.19004
120.253604,30.2123953
120.1945095,30.32573
120.2005575,30.33847
120.1758128,30.3240178
120.2639698,30.2698237
120.1948243,30.3481034
120.2987584,30.3060006
120.1134316,30.3290341
120.2069384,30.3221698
120.2055026,30.3228443
120.2436135,30.2399971
120.2789888,30.244846
120.1672472,30.2721357
120.2236696,30.3428029
120.2087709,30.3331318
120.1974288,30.1934929
120.1335071,30.185533
120.3233501,30.1567753
120.1849942,30.3473985
120.2053766,30.3227123
120.1775903,30.2804474
120.2249148,30.3395881
120.1971668,30.1933279
120.2120406,30.3173951
120.2319516,30.3660221
120.2568472,30.2315241
120.3199533,30.3280249
120.1967973,30.1934129
120.3398432,30.2133225
120.2118982,30.3413532
120.230219,30.3490819
120.1222378,30.2455739
120.206285,30.3320953
120.2239016,30.3412779
120.1537722,30.2219815
120.3100549,30.3205925
120.180616,30.3439542
120.2197665,30.3218276
120.1191771,30.2993056
120.2380916,30.3442166
120.1811419,30.309606
120.3096439,30.1966125
120.1915733,30.3240077
120.3351324,30.1539967
120.2445159,30.3505706
120.2053056,30.3225043
120.197995,30.3351087
120.1978826,30.1906507
120.1851134,30.3319527
120.1052878,30.3836716
120.2026032,30.3290904
120.2468675,30.355939
120.2011623,30.330318
120.2213502,30.3134579
120.1992119,30.300367
120.1971964,30.355968
120.0860243,30.3808153
120.2265625,30.3404153
120.2123044,30.3413624
120.2735872,30.378932
120.2131088,30.3631726
120.1960281,30.3335642
120.1979596,30.1935147
120.201104,30.3313314
120.2600604,30.1215171
120.2876098,30.3087821
120.1935778,30.2394907
120.2098812,30.2861941
120.2512086,30.1984359
120.278166,30.2378352
120.1994391,30.3328547
120.1999809,30.3305336
120.2157003,30.3622364
120.1983352,30.3302969
120.3418177,30.3739241
120.3297792,30.1807472
120.1933838,30.3253128
120.298022,30.3116674
120.1546089,30.3375873
120.1956017,30.3337072
120.2080527,30.3338476
120.2558049,30.3083397
120.1973596,30.3298657
120.2544269,30.3075657
120.230734,30.3535559
120.1246877,30.1282525
120.2157384,30.3336019
120.2943168,30.2345807
120.2337425,30.3174392
120.18275,30.2387134
120.216703,30.3366975
120.2058566,30.3352549
120.1191851,30.2992696
120.1967623,30.1934579
120.2040973,30.1981783
120.1820823,30.3087315
120.1402671,30.2885929
120.239697,30.3426756
120.1791416,30.2803424
120.181726,30.3462408
120.1814279,30.319311
120.3438069,30.3249928
120.1798438,30.3138144
120.252409,30.3525268
120.1830411,30.2133703
120.1945503,30.3335618
120.2132262,30.3628352
120.2389126,30.3541862
120.1943995,30.326115
120.2123114,30.3619564
120.2081687,30.3333846
120.1843812,30.3345365
120.1464982,30.2952744
120.2817244,30.1715572
120.3215113,30.1357923
120.2795052,30.34254
120.2446519,30.3466756
120.2530908,30.3652972
120.0648653,30.3120263
120.211104,30.1903459
120.2449079,30.3573546
120.2042785,30.1982015
120.198277,30.3406807
120.2092563,30.3638705
120.2152183,30.3392703
120.1974168,30.1931929
120.239968,30.3431576
120.2104753,30.3522098
120.0950953,30.3081208
120.1792518,30.3115774
120.2490961,30.373029
120.2157195,30.3447961
120.2073338,30.3365639
120.1943415,30.319843
120.2061766,30.3390989
120.2122754,30.3618924
120.290271,30.1221214
120.2157185,30.3449971
120.2458661,30.3488838
120.2282978,30.1861846
120.1775089,30.1335205
120.1853362,30.3147448
120.2054926,30.3225083
120.211767,30.3162435
120.2312976,30.3652331
120.2685316,30.1560786
120.109463,30.3063803
120.2470456,30.2889338
120.2851987,30.2712014
120.298071,30.3117874
120.1858761,30.3172144
120.2651574,30.2389324
120.3072726,30.2029321
120.2966674,30.2271812
120.3065556,30.3395221
120.1829781,30.3483378
120.1975088,30.1923629
120.1706248,30.2673452
120.298049,30.3118114
120.1801708,30.1729072
120.2375332,30.3637917
120.1399411,30.2892559
120.104673,30.3328998
120.2005563,30.323373
120.1968503,30.1934039
120.252463,30.3524888
120.1945903,30.3401298
120.1942923,30.3325958
120.1601418,30.2831264
120.201114,30.3320094
120.2815626,30.2313067
120.2286365,30.3724554
120.2982116,30.320844
120.1978821,30.2911954
120.196933,30.1932223
120.1988571,30.1807729
120.2512102,30.3648608
120.1790383,30.3219419
120.3395952,30.1781475
120.2131088,30.3631726
120.3155826,30.3655498
120.2042319,30.3330527
120.183811,30.3231477
120.2115546,30.2924905
120.230421,30.3467291
120.222429,30.3565552
120.2166464,30.323595
120.2166824,30.321993
120.1730064,30.2988064
120.1732284,30.3097284
120.239424,30.3424876
120.2360792,30.3514382
120.2078697,30.3342316
120.1944225,30.2824015
120.3006312,30.3265731
120.2191199,30.337943
120.1827425,30.353866
120.1795748,30.3044738
120.2055006,30.3372689
120.2005585,30.338439
120.1898229,30.2721858
120.2459051,30.3467868
120.2548976,30.3630428
120.2326387,30.3105666
120.2634097,30.3445592
120.2051526,30.3146123
120.1791311,30.2996642
120.3150178,30.1909669
120.1816131,30.1798863
120.2525718,30.3634202
120.1215055,30.3148006
120.1973898,30.1933809
120.298901,30.33655
120.1975538,30.1923149
120.1980812,30.1923873
120.1127067,30.2927353
120.1972264,30.3170135
120.1974788,30.1923829
120.1964991,30.3340822
120.1951687,30.3263932
120.1973308,30.1933349
120.276777,30.2328676
120.1051399,30.3048021
120.1969046,30.3332687
120.2879881,30.3587106
120.1882518,30.3159779
120.2214117,30.3371254
120.2034017,30.3277804
120.2267765,30.3430083
120.1851948,30.3147752
120.2182733,30.2530641
120.2858471,30.2356409
120.2041313,30.1980323
120.3492339,30.2406648
120.3127625,30.3201126
120.1847744,30.3112892
120.2083121,30.317738
120.2011463,30.199663
120.2156263,30.3628844
120.1917459,30.3243004
120.1708661,30.1873215
120.1999829,30.3323406
120.196776,30.3337941
120.1921764,30.3246434
120.2099799,30.3371296
120.2404843,30.3417158
120.239592,30.3427896
120.2083447,30.3332406
120.1983232,30.3303259
120.1842904,30.3066792
120.1903641,30.3097445
120.318859,30.3167056
120.2398865,30.3239241
120.2682686,30.1522556
120.1724942,30.3372899
120.2858041,30.2491854
120.1970946,30.3260327
120.1309813,30.2795026
120.1616362,30.3331704
120.2759408,30.2282052
120.1566302,30.3195837
120.1315425,30.3007528
120.2138205,30.3426023
120.3503712,30.2919461
120.1950685,30.333705
120.2159837,30.1991687
120.1662269,30.2813976
120.2040903,30.1983083
120.1849964,30.3312517
120.2445209,30.3505636
120.1893991,30.3120939
120.2420259,30.1891925
120.2048361,30.3321119
120.2949898,30.2268807
120.1973746,30.3376997
120.2082331,30.315241
120.3015933,30.2396207
120.2432576,30.1530767
120.1888746,30.3127215
120.240317,30.3437246
120.2047496,30.3155273
120.1790411,30.2988782
120.1576828,30.3334724
120.1974376,30.3306167
120.1809606,30.3046213
120.1901495,30.3112729
120.1825333,30.3088295
120.2892021,30.3260704
120.2502434,30.3720652
120.206682,30.3332123
120.2182186,30.3382128
120.2398602,30.3658566
120.1977534,30.3279165
120.2418942,30.2289918
120.1596707,30.3322563
120.1775739,30.2911704
120.1841774,30.3066692
120.1827245,30.3059317
120.1931358,30.3242068
120.2256256,30.381133
120.1934296,30.3414691
120.2054256,30.3226613
120.3032465,30.2016324
120.2137366,30.3606182
120.1983912,30.3303449
120.2945248,30.2442157
120.2263284,30.2755916
120.1546441,30.3375756
120.1960591,30.3339492
120.1820951,30.3156333
120.2842796,30.3141661
120.3193957,30.3226714
120.1892944,30.3120173
120.2390138,30.3782909
120.1462179,30.2986784
120.1903045,30.3097419
120.1987972,30.1957483
120.1945503,30.3335618
120.1145389,30.3384828
120.1894511,30.3112139
120.3380239,30.2943216
120.1946353,30.3397008
120.1976614,30.3278765
120.2284652,30.3451035
120.1826785,30.3053067
120.1959521,30.3209867
120.2736438,30.124389
120.2891322,30.3086743
120.2885618,30.3056531
120.1967933,30.1934789
120.1657721,30.131035
120.2875411,30.2316134
120.2675029,30.1961554
120.1416573,30.2815519
120.2164116,30.3253424
120.2072858,30.3553927
120.2851491,30.2335159
120.3157474,30.1652923
120.2284599,30.3474493
120.2997189,30.2168273
120.1989017,30.1902543
120.2759638,30.2281052
120.3370374,30.1967682
120.2088194,30.3552363
120.292479,30.1522944
120.2346464,30.3115538
120.276735,30.2463086
120.1054443,30.3213322
120.2137346,30.3605932
120.2137646,30.3605882
120.1977224,30.3351813
120.2424815,30.3497376
120.2984102,30.1927344
120.2124992,30.3630198
120.201267,30.3333854
120.1224685,30.3378892
120.3448225,30.2918858
120.2905292,30.2406555
120.2945852,30.2051681
120.1968958,30.3381289
120.2516522,30.3259895
120.2846287,30.2337275
120.2797068,30.232417
120.2262945,30.3412883
120.333315,30.1853567
120.2796278,30.236438
120.2755554,30.2264701
120.3105609,30.1822885
120.3395374,30.3312477
120.2705247,30.3513873
120.1977084,30.1922015
120.1977406,30.3384747
120.2855551,30.2446589
120.3252877,30.1969144
120.1612526,30.3326968
120.200662,30.2862087
120.1998969,30.3261496
120.2933219,30.3175593
120.1584807,30.1686623
120.1592553,30.3399789
120.2073348,30.3568977
120.2445579,30.3464566
120.1379643,30.3070834
120.2892737,30.23623
120.2193302,30.2532927
120.2622187,30.3417546
120.1966678,30.3341609
120.2299264,30.3509843
120.1706512,30.263947
120.2073878,30.3579497
120.2899257,30.226247
120.213569,30.3637306
120.1970016,30.3338487
120.2869844,30.3479802
120.2900134,30.148502
120.2944378,30.2255737
120.2824686,30.2419103
120.2769158,30.1262885
120.2808186,30.1183128
120.1965883,30.1935079
120.1956389,30.1932504
120.127968,30.2768512
120.2496456,30.2230043
120.196811,30.3332621
120.1967658,30.3338381
120.1969216,30.3332817
120.1969006,30.3332807
120.1973126,30.3332197
120.1968946,30.3333017
120.1968966,30.3332647
120.1969116,30.3332587
120.1968996,30.3332617
120.1969216,30.3332817
120.1976974,30.3322923
120.213353,30.3601246
120.1969396,30.3332887
120.148909,30.3350648
120.1968626,30.3332787
120.2315238,30.3484447
120.1967536,30.3248207
120.1968426,30.3332657
120.1970406,30.3332987
120.1969706,30.3333207
120.1968986,30.3332707
120.217424,30.3671457
120.2146545,30.3638588
120.2537789,30.3057007
120.2603729,30.3342768
120.2054286,30.3353419
120.2130342,30.3607812
120.1967038,30.3332511
120.2311578,30.3472817
120.1969376,30.3332587
120.2270897,30.3426911
120.1970486,30.3333257
120.1970416,30.3332937
120.1967973,30.1934289
120.1967273,30.1933789
120.2837577,30.2412957
120.2051095,30.3571486
120.1755287,30.3320832
120.2238996,30.3403819
120.2005405,30.338489
120.1940294,30.3325792
120.2483494,30.1489547
120.1827585,30.3058047
120.1827245,30.3056517